35092255
35092254
35092253
35092252
34778016
24733915
24733913
24733826
24733824
24733821
24733815
24733813
24733811
24727237
24727175
24727067
24727061
24727048
24727021
24727019
24726886
24726874
24724825
24724817
24724785
24723931
24723928
24096845
23959199
23959198
23959185
23959184
23959181
19275097
18386512
17648643
17482239
10882820
10882819
10882818
10882817
10882816
10882815
10882814
10882813
10882812
7596900
7596899
7596898
7596897
7596896
7596895
7596894
7596893
7596892
7596891
7528152
7528151
7528150
7528149
7528148
7118999
7118998
7118997
7118996
7118995
7118994
7118993
7118992
7118991
7118990
4870006
4870005
4442568
4442567
4442566
4440897
3791061
1529083
1528985
702149
643216
32346080
